-262.33380127 408.90930176 1887.70678711
-137.56414795 299.12054443 1772.40502930
-302.33538818 387.10174561 1849.04370117
-343.09533691 291.44290161 1796.36621094
-219.54327393 385.83331299 1880.97827148
-253.30633545 364.96258545 1845.65112305
-296.35565186 350.07968140 1800.99902344
-293.91253662 328.86779785 1784.78808594
-266.99676514 240.78381348 1747.21826172
-215.67071533 295.86154175 1748.51489258
-140.08239746 332.82818604 1829.46655273
-180.30400085 315.09600830 1796.78405762
-246.38000488 296.97399902 1754.49096680
-439.57879639 331.32400513 1811.47875977
-435.45959473 328.42272949 1792.79321289
-266.17230225 474.90435791 1922.99072266
-379.34960938 412.50415039 1803.34765625
-253.02429199 478.44146729 1908.78149414
-361.35894775 417.85357666 1784.11083984
-197.45013428 307.07000732 1664.93920898
-180.92364502 315.63903809 1671.61572266
-44.31140137 361.62200928 1789.05468750
-175.15045166 295.88436890 1654.40673828
-365.06042480 424.58325195 1810.03759766
-233.23388672 479.18450928 1907.90332031
-41.86016846 346.56912231 1776.06665039
-162.11700439 310.32583618 1672.97875977
-39.99066162 364.68890381 1807.48022461
-347.03216553 428.46099854 1804.55908203
-335.37762451 423.21429443 1790.08935547
-179.10499573 114.33499908 1792.61694336
-25.89100075 317.16400146 1791.07897949
-48.99200058 189.64999390 1885.31701660
-172.10699463 268.40701294 1653.25305176
-22.13899994 343.87100220 1795.23596191
-223.43400574 177.35400391 1651.16796875
-41.11600113 204.56399536 1895.37304688
-337.09500122 409.79800415 1775.23803711
-351.09201050 398.21701050 1768.54394531
-196.96299744 114.00800323 1783.16296387
-190.77799988 273.64099121 1652.86596680
-194.15100098 111.34400177 1819.27905273
-200.90600586 289.63299561 1657.24194336
-211.92300415 164.23800659 1660.84997559
-292.56201172 345.66000366 1972.83203125
-433.44500732 312.57199097 1780.75195313
-434.38198853 293.31100464 1783.81103516
-369.12600708 394.12600708 1773.70202637
-155.91900635 276.76699829 1659.13696289
-241.49699402 181.72300720 1649.08203125
-258.01199341 174.80400085 1657.13500977
-238.88099670 156.43099976 1656.97900391
-327.42218018 304.70175171 1917.83105469
-289.54748535 325.97616577 1954.33105469
-364.18481445 302.46127319 1865.15551758
-363.44461060 339.43554688 1828.76000977
-289.04879761 396.31634521 1882.90002441
-260.64938354 360.60089111 1961.74060059
-392.25241089 266.07525635 1934.11108398
-398.66711426 259.36737061 1916.75854492
-289.66421509 346.14575195 2030.69030762
-275.65695190 359.81396484 2033.47778320
-447.54006958 306.33020020 1803.66491699
-264.88864136 469.85440063 1941.50756836
-380.79992676 399.58102417 1788.35681152
-76.13191223 182.71212769 1922.80224609
-200.38575745 122.70497894 1832.96630859
-223.75500488 119.93281555 1805.61828613
-382.80084229 241.85519409 1929.46960449
-377.35424805 262.50479126 1945.43957520
-443.46914673 300.51550293 1829.94238281
-442.71307373 320.20123291 1826.82885742
-251.28977966 466.27301025 1954.18164063
-67.20786285 198.11816406 1931.12646484
-217.70762634 122.49922943 1823.75183105
-276.62582397 312.94897461 2032.85424805
-268.42831421 336.35458374 2043.62597656
-289.67565918 327.17028809 2030.21044922
-111.27999878 294.44900513 1790.56005859
-92.14800262 295.69601440 1822.02099609
-161.64100647 199.02999878 1816.40002441
-125.72599792 218.27600098 1850.35205078
-212.21299744 199.01100159 1740.30895996
-190.06300354 187.66900635 1785.68798828
-100.27899933 248.69099426 1858.38000488
-154.90840149 271.60751343 1751.17187500
-198.77604675 234.85449219 1722.58227539
